 95  95  95  95  95  95  95  95  95  95  95  95  95  95  95  95
 96  96  96  96  96  96  96  96  96  96  96  96  96  96  96  96
 96  96  96  96 117 199 200  96  96  96  96  96  96  96  96  96
 97  97  97  97  97  88 194  97  79  99  93  77  97  97  97  97
 97  97  97  97  97  85  99 101  98  79  80 120   1  68  97  97
 98  98  98  98 163 125 121 113  67  72  45  30   0  74  96  98
 98  86   1   0 180  46  23  17  30 210  34  77   0  57  41  98
 99  99  99 123  99   3  36  33  28  79   2   2   1   1  99  99
 99  99  99  99  99  99  12  15   0   0   1   2  99  99  99  99
100 100 100 100 100 100 126 107 100 100 100 100 100 100 100 100
100 100 100 100 100 144 125 100 100 100 100 100 100 100 100 100
101 101 101 101 100 103 101 101 101 101 101 101 101 101 101 101
101 101 101 101 101 101 101 101 101 101 101 101 101 101 101 101
102 102 102 102 102 102 102 102 102 102 102 102 102 102 102 102
102 102 102 102 102 102 102 102 102 102 102 102 102 102 102 102
103 103 103 103 103 103 103 103 103 103 103 103 103 103 103 103
 34  34  34  34  34  34  34  34  34  34  34  34  34  34  34  34
 34  34  34  34  34  34  34  34  34  34  34  34  34  34  34  34
 34  34  34  34  74 162 163  34  34  34  34  34  34  34  34  34
 34  34  34  34  34  37 156  34  72 120 115  98  34  34  34  34
 34  34  34  34  34  32  96 112  99 109 108  73   1  88  34  34
 34  34  34  34 161  76  70  58  46  75  60  31   0  47  59  34
 34  31  10 164 119  20   1   0  16 159  27  30   0  32  25  34
 34  34  34  98  57   0  17   9   5  35   6   5   3   6  34  34
 34  34  34  34  34  34   1   1   0   3   3   4  34  34  34  34
 34  34  34  34  34  34  80  53  34  34  34  34  34  34  34  34
 34  34  34  34  34  99  63  43  34  34  34  34  34  34  34  34
 35  35  35  35  53  43  35  35  35  35  35  35  35  35  35  35
 34  35  35  34  35  35  34  35  35  34  35  35  34  35  35  34
 35  35  35  35  35  35  35  35  35  35  35  35  35  35  35  35
 35  35  35  35  35  35  35  35  35  35  35  35  35  35  35  35
 35  35  35  35  35  35  35  35  35  35  35  35  35  35  35  35
 77  77  77  77  77  77  77  77  77  77  77  77  77  77  77  77
 78  78  78  78  78  78  78  78  78  78  78  78  78  78  78  78
 79  79  79  79  31  97 101  79  79  79  79  79  79  79  79  79
 80  80  80  80  80  63  94  80 172 220 212 199  80  80  80  80
 81  81  81  81  81  90 210 235 222 225 220  72   1 196  81  81
 82  82  82  82 165  18  13  13 170 189 183  28   0 187 214  82
 83 104 254 255  85 143 107  82 119  35 144  24   0 182 123  83
 84  84  84 137  23  79 108  98  96  33 103  98  91  85  84  84
 86  86  86  86  86  86  49  44  46  76  71  72  86  86  86  86
 87  87  87  87  87  87  28   3  87  87  87  87  87  87  87  87
 88  88  88  88  88  44  19   9  88  88  88  88  88  88  88  88
 89  89  89  89  74   3  89  89  89  89  89  89  89  89  89  89
 90  90  90  90  90  90  90  90  90  90  90  90  90  90  90  90
 91  91  91  91  91  91  91  91  91  91  91  91  91  91  91  91
 92  92  92  92  92  92  92  92  92  92  92  92  92  92  92  92
 93  93  93  93  93  93  93  93  93  93  93  93  93  93  93  93

 95  96  96  97  97  98  98  99  99 100 100 101 101 102 102 103
 95  96  96  97  97  96  41  99  99 100 100 101 101 102 102 103
 95  96  96  97  68  74  57   1  99 100 100 101 101 102 102 103
 95  96  96  97   1   0   0   1  99 100 100 101 101 102 102 103
 95  96  96  77 120  30  77   2   2 100 100 101 101 102 102 103
 95  96  96  93  80  45  34   2   1 100 100 101 101 102 102 103
 95  96  96  99  79  72 210  79   0 100 100 101 101 102 102 103
 95  96  96  79  98  67  30  28   0 100 100 101 101 102 102 103
 95  96  96  97 101 113  17  33  15 107 100 101 101 102 102 103
 95  96 200 194  99 121  23  36  12 126 125 101 101 102 102 103
 95  96 199  88  85 125  46   3  99 100 144 103 101 102 102 103
 95  96 117  97  97 163 180  99  99 100 100 100 101 102 102 103
 95  96  96  97  97  98   0 123  99 100 100 101 101 102 102 103
 95  96  96  97  97  98   1  99  99 100 100 101 101 102 102 103
 95  96  96  97  97  98  86  99  99 100 100 101 101 102 102 103
 95  96  96  97  97  98  98  99  99 100 100 101 101 102 102 103
 34  34  34  34  34  34  34  34  34  34  34  35  34  35  35  35
 34  34  34  34  34  59  25  34  34  34  34  35  35  35  35  35
 34  34  34  34  88  47  32   6  34  34  34  35  35  35  35  35
 34  34  34  34   1   0   0   3  34  34  34  35  34  35  35  35
 34  34  34  98  73  31  30   5   4  34  34  35  35  35  35  35
 34  34  34 115 108  60  27   6   3  34  34  35  35  35  35  35
 34  34  34 120 109  75 159  35   3  34  34  35  34  35  35  35
 34  34  34  72  99  46  16   5   0  34  34  35  35  35  35  35
 34  34  34  34 112  58   0   9   1  53  43  35  35  35  35  35
 34  34 163 156  96  70   1  17   1  80  63  35  34  35  35  35
 34  34 162  37  32  76  20   0  34  34  99  43  35  35  35  35
 34  34  74  34  34 161 119  57  34  34  34  53  35  35  35  35
 34  34  34  34  34  34 164  98  34  34  34  35  34  35  35  35
 34  34  34  34  34  34  10  34  34  34  34  35  35  35  35  35
 34  34  34  34  34  34  31  34  34  34  34  35  35  35  35  35
 34  34  34  34  34  34  34  34  34  34  34  35  34  35  35  35
 77  78  79  80  81  82  83  84  86  87  88  89  90  91  92  93
 77  78  79  80  81 214 123  84  86  87  88  89  90  91  92  93
 77  78  79  80 196 187 182  85  86  87  88  89  90  91  92  93
 77  78  79  80   1   0   0  91  86  87  88  89  90  91  92  93
 77  78  79 199  72  28  24  98  72  87  88  89  90  91  92  93
 77  78  79 212 220 183 144 103  71  87  88  89  90  91  92  93
 77  78  79 220 225 189  35  33  76  87  88  89  90  91  92  93
 77  78  79 172 222 170 119  96  46  87  88  89  90  91  92  93
 77  78  79  80 235  13  82  98  44   3   9  89  90  91  92  93
 77  78 101  94 210  13 107 108  49  28  19  89  90  91  92  93
 77  78  97  63  90  18 143  79  86  87  44   3  90  91  92  93
 77  78  31  80  81 165  85  23  86  87  88  74  90  91  92  93
 77  78  79  80  81  82 255 137  86  87  88  89  90  91  92  93
 77  78  79  80  81  82 254  84  86  87  88  89  90  91  92  93
 77  78  79  80  81  82 104  84  86  87  88  89  90  91  92  93
 77  78  79  80  81  82  83  84  86  87  88  89  90  91  92  93

102 102 102 102 102 102 115 121 119 124 102 102 102 102 102 102
101 101 101 101 101 106 141 152 142 141 102 101 101 101 101 101
101 101 101 101 101 104 136 150 143 138 101 101 101 101 101 101
100 100 100 100 100 100 102 100 100 103 102 103 100 100 100 100
100 100 100 100 100 100 100 100 100 114 123 113 100 100 100 100
 99  99  99  99  99  99  99  99 107 123 123 101  99  99  99  99
 99  99  99  98  95  90  89  88 101 114  99  99  99  99  99  99
 98  98  86  59  27   2  44   2  32  57  65  99  98  98  98  98
 98  84  22  10   1   4  48  20  23  23  48 111  44  65  96  98
 98  61  60  20  36  29  88  24  15  27  94 174  33  12  58  97
100  91  70   0  57  50  99  69  69  79  90 161  77  93  97  97
 97  97  71  47  94  76 113  91  95  97  91 106  97  97  97  97
 96  96  92  88  86  88  93 109  90 170 106  95  96  96  96  96
 95  95  95  95  95  94  93  95  95 176 182 127  97  95  95  95
 95  95  95  95  95  95  95  95  95 109 132 138 102  95  95  95
 95  95  95  95  95  95  95  95  95  95  95  96  95  95  95  95
 34  34  34  34  34  34  53  63  60  67  34  34  34  34  34  34
 34  34  34  34  34  40  92 106  93  92  36  34  34  34  34  34
 34  34  34  34  34  39  87 105  95  86  35  34  34  34  34  34
 34  34  34  34  34  34  35  34  34  37  34  35  34  34  34  34
 34  34  34  34  34  34  34  34  34  40  50  49  34  34  34  34
 34  34  34  34  34  34  34  34  47  59  66  38  34  34  34  34
 34  34  34  33  33  31  31  30  45  63  35  34  34  34  34  34
 34  34  30  21  12   4  31   0   5  26  23  38  34  34  34  34
 34  33  11   5   3   6  22   4   4   5  32  83  67  28  33  34
 41  38  32  10  16  24  64  11   0   5  74 181 185  63  23  34
 50  67  46   0  40  61  76  49  38  47  62 143  34  33  34  34
 36  57  65  31  83 102 116  86  90  81  51  50  34  34  34  34
 34  34  38  52  84 105 109  85  54 133  53  34  34  34  34  34
 33  33  33  33  34  35  36  34  33 133 141  77  36  33  33  33
 33  33  33  33  33  33  33  33  33  51  80  88  43  33  33  33
 33  33  33  33  33  33  33  33  33  33  33  35  34  33  33  33
 92  92  92  92  92  92 106 112 110 117  92  92  92  92  92  92
 91  91  91  91  91  96 134 144 134 135  92  91  91  91  91  91
 90  90  90  90  90  94 128 143 136 129  90  90  90  90  90  90
 88  88  88  88  88  88  90  88  88  91  87  86  88  88  88  88
 88  88  88  88  88  88  88  88  83  63  52  75  88  88  88  88
 87  87  87  87  87  87  87  87  39  22  61  85  87  87  87  87
 85  85  85  85  85  83  81  78  18  36  85  85  85  85  85  85
 84  84  82  81  76  73  48  46  39  49  72  84  84  84  84  84
 83  79  89  77  88 102  61  85  85  88  94 103 183 138  86  83
 90 128 124  10  62 141 100 113  81 112 161 176 252 232 149  83
 98 175 123   0  51 182 124 154  72  80  98 157 115  86  81  81
 82 115 143  30 106 214 172 200 190 159 111  92  80  80  80  80
 79  79  89 107 164 203 204 130 117  90  62  79  79  79  79  79
 78  78  78  78  79  83  84  79  78  94  86  69  77  78  78  78
 77  77  77  77  77  77  77  77  77  80  86  83  77  77  77  77
 76  76  76  76  76  76  76  76  76  76  76  76  76  76  76  76

102 102 101 101 100  99  99  99  98  98  97  97  96  96  95  95
102 102 101 101 100  99  99  99  96  59  97  97  96  96  95  95
102 102 101 101 100  99  99  99  66  13  94  97  96  96  95  95
102 102 101 101 100  99  99  98  47  34  76  97  96  97 102  96
102 102 101 103 114 102  99 100 112 174 165 108  96 126 141  97
102 104 102 102 123 124 100  68  46  91  90  92 107 183 135  95
126 142 140 103 113 123 115  61  23  28  78  98 168 178 110  95
119 143 144 101 100 107 103  33  23  16  68  95  90  96  95  95
121 152 151 101 100  99  92   2  19  25  69  91 111  96  95  95
114 141 137 102 100  99  92  42  47  85  96 112  94  93  95  95
102 105 104 101 100  99  94   3   4  28  50  76  88  94  95  95
102 102 101 101 100  99  97  30   1  36  55  93  87  95  95  95
102 102 101 101 100  99  99  62  10  22   2  46  88  96  95  95
102 102 101 101 100  99  99  88  25  58  71  71  92  96  95  95
102 102 101 101 100  99  99  99  85  63  92  97  96  96  95  95
102 102 101 101 100  99  99  99  98  98 100  97  96  96  95  95
 34  34  34  34  34  34  34  34  34  34  34  34  34  34  33  33
 34  34  34  34  34  34  34  34  33  23  34  34  34  34  33  33
 34  34  34  34  34  34  34  34  29  65  33  34  34  34  33  33
 34  34  34  34  34  34  34  34  68 184  35  34  34  36  44  35
 34  34  34  35  50  39  34  38  83 179 148  52  34  76  91  36
 34  37  36  34  49  66  37  24  30  72  61  54  55 142  83  33
 69  93  89  38  40  59  64  29   5   5  45  83 132 136  52  33
 59  93  96  34  34  46  47   5   4   1  36  90  56  34  33  33
 61 107 106  34  34  34  32   0   4  12  49  86  87  34  33  33
 52  91  88  36  34  34  32  30  23  62  75 116 110  36  33  33
 34  39  38  34  34  34  32   4   6  24  60 102 105  35  33  33
 34  34  34  34  34  34  34  13   3  17  38  82  84  34  33  33
 34  34  34  34  34  34  34  23   5  11   1  31  52  34  33  33
 34  34  34  34  34  34  34  31  12  31  47  65  40  34  33  33
 34  34  34  34  34  34  34  34  33  39  68  58  35  34  33  33
 34  34  34  34  34  34  34  34  34  40  49  36  34  34  33  33
 92  92  90  89  88  87  86  85  83  83  82  80  79  79  77  76
 92  92  90  89  88  87  86  85  86 149  82  80  79  79  77  76
 92  92  90  89  88  87  86  85 138 231  87  80  79  79  77  76
 92  92  90  89  88  87  86  84 179 251 118  80  79  78  77  77
 92  92  90  87  74  85  86  85 103 175 162  94  79  69  84  77
 92  94  92  88  54  58  85  73  93 159  96 114  64  86  87  76
118 135 132  92  65  23  34  48  87 111  77 160  94  94  81  76
109 134 136  89  84  43  21  39  84  82  69 190 121  79  77  76
111 145 144  89  88  87  79  46  84 113 156 200 133  79  77  76
105 133 129  91  88  87  82  50  62 102 127 173 205  85  77  76
 92  95  93  89  88  87  84  73 102 140 182 214 204  84  77  76
 92  92  90  89  88  87  86  76  88  61  49 103 161  80  77  76
 92  92  90  89  88  87  86  82  77  14   2  31 105  79  77  76
 92  92  90  89  88  87  86  83  89 127 128 144  91  79  77  76
 92  92  90  89  88  87  86  85  80 126 174 117  80  79  77  76
 92  92  90  89  88  87  86  85  83  90  98  83  79  79  77  76
